Price Analysis Report for ZKJ-USDT and ZKJ-USDC
=============================================
Block Range: 50390662 to 50393262 (2601 blocks)
Time Range: 2025-05-27 14:05:54 to 2025-05-27 15:10:54

ZKJ-USDT Price: 
- Min=0.48965800 
- Max=0.48965958 
- Avg=0.48965886 
- Std=0.00000032

ZKJ-USDC Price: 
- Min=0.48948819 
- Max=0.48949169 
- Avg=0.48949003 
- Std=0.00000077

Deviation (%): 
- Min=0.0341 
- Max=0.0348 
- Avg=0.0345 
- Std=0.0001
